Accuracy: 0.8932999968528748
Loss: 0.38082094755768775